0 1
1 3
2 6
3 10
4 15
5 21
6 28
7 36
8 45
9 55
10 66
11 78
12 91
13 105
14 120
15 136
16 153
17 171
18 190
19 210
20 231
21 253
22 276
23 300
24 325
25 351
26 378
27 406
28 435
29 465
30 496
31 528
32 561
33 595
34 630
35 666
36 703
37 741
38 780
39 820
40 861
41 903
42 946
43 990
44 1035
45 1081
46 1128
47 1176
48 1225
49 1275
50 1326
51 1378
52 1431
53 1485
54 1540
55 1596
56 1653
57 1711
58 1770
59 1830
60 1891
61 1953
62 2016
63 2080
64 2145
65 2211
66 2278
67 2346
68 2415
69 2485
70 2556
71 2628
72 2701
73 2775
74 2850
75 2926
76 3003
77 3081
78 3160
79 3240
80 3321
81 3403
82 3486
83 3570
84 3655
85 3741
86 3828
87 3916
88 4005
89 4095
90 4186
91 4278
92 4371
93 4465
94 4560
95 4656
96 4753
97 4851
98 4950
99 5050
100 5151
101 5253
102 5356
103 5460
104 5565
105 5671
106 5778
107 5886
108 5995
109 6105
110 6216
111 6328
112 6441
113 6555
114 6670
115 6786
116 6903
117 7021
118 7140
119 7260
120 7381
121 7503
122 7626
123 7750
124 7875
125 8001
126 8128
127 8256
128 8385
129 8515
130 8646
131 8778
132 8911
133 9045
134 9180
135 9316
136 9453
137 9591
138 9730
139 9870
140 10011
141 10153
142 10296
143 10440
144 10585
145 10731
146 10878
147 11026
148 11175
149 11325
150 11476
151 11628
152 11781
153 11935
154 12090
155 12246
156 12403
157 12561
158 12720
159 12880
160 13041
161 13203
162 13366
163 13530
164 13695
165 13861
166 14028
167 14196
168 14365
169 14535
170 14706
171 14878
172 15051
173 15225
174 15400
175 15576
176 15753
177 15931
178 16110
179 16290
180 16471
181 16653
182 16836
183 17020
184 17205
185 17391
186 17578
187 17766
188 17955
189 18145
190 18336
191 18528
192 18721
193 18915
194 19110
195 19306
196 19503
197 19701
198 19900
199 20100
200 20301
201 20503
202 20706
203 20910
204 21115
205 21321
206 21528
207 21736
208 21945
209 22155
210 22366
211 22578
212 22791
213 23005
214 23220
215 23436
216 23653
217 23871
218 24090
219 24310
220 24531
221 24753
222 24976
223 25200
224 25425
225 25651
226 25878
227 26106
228 26335
229 26565
230 26796
231 27028
232 27261
233 27495
234 27730
235 27966
236 28203
237 28441
238 28680
239 28920
240 29161
241 29403
242 29646
243 29890
244 30135
245 30381
246 30628
247 30876
248 31125
249 31375
250 31626
251 31878
252 32131
253 32385
254 32640
255 32896
256 33153
257 33408
258 33661
259 33912
260 34161
261 34408
262 34653
263 34896
264 35137
265 35376
266 35613
267 35848
268 36081
269 36312
270 36541
271 36768
272 36993
273 37216
274 37437
275 37656
276 37873
277 38088
278 38301
279 38512
280 38721
281 38928
282 39133
283 39336
284 39537
285 39736
286 39933
287 40128
288 40321
289 40512
290 40701
291 40888
292 41073
293 41256
294 41437
295 41616
296 41793
297 41968
298 42141
299 42312
300 42481
301 42648
302 42813
303 42976
304 43137
305 43296
306 43453
307 43608
308 43761
309 43912
310 44061
311 44208
312 44353
313 44496
314 44637
315 44776
316 44913
317 45048
318 45181
319 45312
320 45441
321 45568
322 45693
323 45816
324 45937
325 46056
326 46173
327 46288
328 46401
329 46512
330 46621
331 46728
332 46833
333 46936
334 47037
335 47136
336 47233
337 47328
338 47421
339 47512
340 47601
341 47688
342 47773
343 47856
344 47937
345 48016
346 48093
347 48168
348 48241
349 48312
350 48381
351 48448
352 48513
353 48576
354 48637
355 48696
356 48753
357 48808
358 48861
359 48912
360 48961
361 49008
362 49053
363 49096
364 49137
365 49176
366 49213
367 49248
368 49281
369 49312
370 49341
371 49368
372 49393
373 49416
374 49437
375 49456
376 49473
377 49488
378 49501
379 49512
380 49521
381 49528
382 49533
383 49536
384 49537
385 49536
386 49533
387 49528
388 49521
389 49512
390 49501
391 49488
392 49473
393 49456
394 49437
395 49416
396 49393
397 49368
398 49341
399 49312
400 49281
401 49248
402 49213
403 49176
404 49137
405 49096
406 49053
407 49008
408 48961
409 48912
410 48861
411 48808
412 48753
413 48696
414 48637
415 48576
416 48513
417 48448
418 48381
419 48312
420 48241
421 48168
422 48093
423 48016
424 47937
425 47856
426 47773
427 47688
428 47601
429 47512
430 47421
431 47328
432 47233
433 47136
434 47037
435 46936
436 46833
437 46728
438 46621
439 46512
440 46401
441 46288
442 46173
443 46056
444 45937
445 45816
446 45693
447 45568
448 45441
449 45312
450 45181
451 45048
452 44913
453 44776
454 44637
455 44496
456 44353
457 44208
458 44061
459 43912
460 43761
461 43608
462 43453
463 43296
464 43137
465 42976
466 42813
467 42648
468 42481
469 42312
470 42141
471 41968
472 41793
473 41616
474 41437
475 41256
476 41073
477 40888
478 40701
479 40512
480 40321
481 40128
482 39933
483 39736
484 39537
485 39336
486 39133
487 38928
488 38721
489 38512
490 38301
491 38088
492 37873
493 37656
494 37437
495 37216
496 36993
497 36768
498 36541
499 36312
500 36081
501 35848
502 35613
503 35376
504 35137
505 34896
506 34653
507 34408
508 34161
509 33912
510 33661
511 33408
512 33153
513 32896
514 32640
515 32385
516 32131
517 31878
518 31626
519 31375
520 31125
521 30876
522 30628
523 30381
524 30135
525 29890
526 29646
527 29403
528 29161
529 28920
530 28680
531 28441
532 28203
533 27966
534 27730
535 27495
536 27261
537 27028
538 26796
539 26565
540 26335
541 26106
542 25878
543 25651
544 25425
545 25200
546 24976
547 24753
548 24531
549 24310
550 24090
551 23871
552 23653
553 23436
554 23220
555 23005
556 22791
557 22578
558 22366
559 22155
560 21945
561 21736
562 21528
563 21321
564 21115
565 20910
566 20706
567 20503
568 20301
569 20100
570 19900
571 19701
572 19503
573 19306
574 19110
575 18915
576 18721
577 18528
578 18336
579 18145
580 17955
581 17766
582 17578
583 17391
584 17205
585 17020
586 16836
587 16653
588 16471
589 16290
590 16110
591 15931
592 15753
593 15576
594 15400
595 15225
596 15051
597 14878
598 14706
599 14535
600 14365
601 14196
602 14028
603 13861
604 13695
605 13530
606 13366
607 13203
608 13041
609 12880
610 12720
611 12561
612 12403
613 12246
614 12090
615 11935
616 11781
617 11628
618 11476
619 11325
620 11175
621 11026
622 10878
623 10731
624 10585
625 10440
626 10296
627 10153
628 10011
629 9870
630 9730
631 9591
632 9453
633 9316
634 9180
635 9045
636 8911
637 8778
638 8646
639 8515
640 8385
641 8256
642 8128
643 8001
644 7875
645 7750
646 7626
647 7503
648 7381
649 7260
650 7140
651 7021
652 6903
653 6786
654 6670
655 6555
656 6441
657 6328
658 6216
659 6105
660 5995
661 5886
662 5778
663 5671
664 5565
665 5460
666 5356
667 5253
668 5151
669 5050
670 4950
671 4851
672 4753
673 4656
674 4560
675 4465
676 4371
677 4278
678 4186
679 4095
680 4005
681 3916
682 3828
683 3741
684 3655
685 3570
686 3486
687 3403
688 3321
689 3240
690 3160
691 3081
692 3003
693 2926
694 2850
695 2775
696 2701
697 2628
698 2556
699 2485
700 2415
701 2346
702 2278
703 2211
704 2145
705 2080
706 2016
707 1953
708 1891
709 1830
710 1770
711 1711
712 1653
713 1596
714 1540
715 1485
716 1431
717 1378
718 1326
719 1275
720 1225
721 1176
722 1128
723 1081
724 1035
725 990
726 946
727 903
728 861
729 820
730 780
731 741
732 703
733 666
734 630
735 595
736 561
737 528
738 496
739 465
740 435
741 406
742 378
743 351
744 325
745 300
746 276
747 253
748 231
749 210
750 190
751 171
752 153
753 136
754 120
755 105
756 91
757 78
758 66
759 55
760 45
761 36
762 28
763 21
764 15
765 10
766 6
767 3
768 1
